Sample	Total Reads	Off-target Reads	Primer Only Reads	Primer Probe Reads	Off-target Proportion	Primer Only Proportion	Primer Probe Proportion
KEEK02_0001	244962	67436	92887	84639	0.28	0.38	0.35
KEEK02_0002	320926	92684	143384	84858	0.29	0.45	0.26
KEEK02_0003	297859	89582	142959	65318	0.30	0.48	0.22
KEEK02_0004	263027	79737	130565	52725	0.30	0.50	0.20
KEEK02_0005	284616	77930	113175	93511	0.27	0.40	0.33
KEEK02_0006	291600	87751	137316	66533	0.30	0.47	0.23
KEEK02_0007	328243	98491	152376	77376	0.30	0.46	0.24
KEEK02_0008	360661	106351	165004	89306	0.29	0.46	0.25
KEEK02_0009	277646	71554	95033	111059	0.26	0.34	0.40
KEEK02_0010	323997	98061	151598	74338	0.30	0.47	0.23
KEEK02_0011	250470	75158	117915	57397	0.30	0.47	0.23
KEEK02_0012	299208	82998	119430	96780	0.28	0.40	0.32
KEEK02_0013	284512	88120	140003	56389	0.31	0.49	0.20
KEEK02_0014	263794	79471	128708	55615	0.30	0.49	0.21
KEEK02_0015	301258	90321	140219	70718	0.30	0.47	0.23
KEEK02_0016	260994	79115	120872	61007	0.30	0.46	0.23
KEEK02_0017	221947	65942	97874	58131	0.30	0.44	0.26
KEEK02_0018	283431	81060	117314	85057	0.29	0.41	0.30
KEEK05_0001	236734	76702	134907	25125	0.32	0.57	0.11
KEEK05_0002	323163	106222	185699	31242	0.33	0.57	0.10
KEEK05_0003	255264	83342	153270	18652	0.33	0.60	0.07
KEEK05_0004	293003	92951	158682	41370	0.32	0.54	0.14
KEEK05_0005	287017	96007	175744	15266	0.33	0.61	0.05
KEEK05_0006	281291	94395	169683	17213	0.34	0.60	0.06
KSALM95_0001	214426	65996	97386	51044	0.31	0.45	0.24
KSALM95_0002	268105	79851	119791	68463	0.30	0.45	0.26
KSALM95_0003	262009	75601	101045	85363	0.29	0.39	0.33
KSALM95_0004	287730	76770	109503	101457	0.27	0.38	0.35
KSALM95_0005	272388	78555	120337	73496	0.29	0.44	0.27
KSALM95_0006	315592	77677	98192	139723	0.25	0.31	0.44
KSALM95_0007	320508	86469	120009	114030	0.27	0.37	0.36
KSALM95_0008	297233	87990	128656	80587	0.30	0.43	0.27
KSALM95_0009	270288	79792	112820	77676	0.30	0.42	0.29
KSALM95_0010	282945	82931	127750	72264	0.29	0.45	0.26
KSALM95_0011	264404	72232	97824	94348	0.27	0.37	0.36
KSALM95_0012	241596	69387	102592	69617	0.29	0.42	0.29
KSALM95_0013	230937	64330	91621	74986	0.28	0.40	0.32
KSALM95_0014	252697	66290	90346	96061	0.26	0.36	0.38
KSALM95_0015	271366	72789	99828	98749	0.27	0.37	0.36
KSALM95_0016	259602	71252	103263	85087	0.27	0.40	0.33
KSALM95_0017	232711	69887	108781	54043	0.30	0.47	0.23
KSALM95_0018	235543	64080	91518	79945	0.27	0.39	0.34
KSALM95_0019	223485	67529	102857	53099	0.30	0.46	0.24
KSALM95_0020	212954	56700	80554	75700	0.27	0.38	0.36
KSALM95_0021	246933	66871	95635	84427	0.27	0.39	0.34
KSALM95_0022	254194	79766	131389	43039	0.31	0.52	0.17
KSALM95_0023	228568	66006	102682	59880	0.29	0.45	0.26
KSALM95_0024	212775	62025	89245	61505	0.29	0.42	0.29
KTAKW07_0001	222091	70749	111155	40187	0.32	0.50	0.18
KTAKW07_0002	262421	78982	123494	59945	0.30	0.47	0.23
KTAKW07_0003	231377	67826	100017	63534	0.29	0.43	0.27
KTAKW07_0004	222119	63983	92569	65567	0.29	0.42	0.30
KTAKW07_0005	236773	67529	96352	72892	0.29	0.41	0.31
KTAKW07_0006	252291	75479	111697	65115	0.30	0.44	0.26
KTAKW07_0007	276198	81811	120937	73450	0.30	0.44	0.27
KTAKW07_0008	254451	71906	103122	79423	0.28	0.41	0.31
KTAKW07_0009	221450	69397	104158	47895	0.31	0.47	0.22
KTAKW07_0010	240346	70220	103823	66303	0.29	0.43	0.28
KTAKW07_0011	254124	72153	106179	75792	0.28	0.42	0.30
KTAKW07_0012	247504	71302	108815	67387	0.29	0.44	0.27
KTAKW07_0013	246441	74809	113023	58609	0.30	0.46	0.24
KTAKW07_0014	265092	78553	120319	66220	0.30	0.45	0.25
KTAKW07_0015	258149	74651	109712	73786	0.29	0.42	0.29
KTAKW07_0016	220261	64832	97259	58170	0.29	0.44	0.26
KTAKW07_0017	242681	67930	96953	77798	0.28	0.40	0.32
KTAKW07_0018	321970	81901	114592	125477	0.25	0.36	0.39
KTAKW07_0019	263847	81734	129653	52460	0.31	0.49	0.20
KTAKW07_0020	257372	76419	114091	66862	0.30	0.44	0.26
KTAKW07_0021	257752	74353	106351	77048	0.29	0.41	0.30
KTAKW07_0022	305260	82136	117765	105359	0.27	0.39	0.35
KTAKW07_0023	295582	89031	133286	73265	0.30	0.45	0.25
KTAKW07_0024	256758	78610	120883	57265	0.31	0.47	0.22
KTATL05_0001	224185	70119	114371	39695	0.31	0.51	0.18
KTATL05_0002	210154	62921	96453	50780	0.30	0.46	0.24
KTATL05_0003	261980	76611	115061	70308	0.29	0.44	0.27
KTATL05_0004	239702	71618	112342	55742	0.30	0.47	0.23
KTATL05_0005	276568	84472	128680	63416	0.31	0.47	0.23
KTATL05_0006	270120	83885	139958	46277	0.31	0.52	0.17
KTATL05_0007	250437	79805	132161	38471	0.32	0.53	0.15
KTATL05_0008	224378	66257	100040	58081	0.30	0.45	0.26
KTATL05_0009	203587	63995	101626	37966	0.31	0.50	0.19
KTATL05_0010	290523	82905	123490	84128	0.29	0.43	0.29
KTATL05_0011	242979	78116	127955	36908	0.32	0.53	0.15
KTATL05_0012	274351	84615	129802	59934	0.31	0.47	0.22
KTATL05_0013	255647	73620	108465	73562	0.29	0.42	0.29
KTATL05_0014	278340	84441	134876	59023	0.30	0.48	0.21
KTATL05_0015	263438	79729	127001	56708	0.30	0.48	0.22
KTATL05_0016	216710	67601	103442	45667	0.31	0.48	0.21
KTATL05_0017	235596	78839	124176	32581	0.33	0.53	0.14
KTATL05_0018	265408	80424	128174	56810	0.30	0.48	0.21
KTATL05_0019	230466	71007	113992	45467	0.31	0.49	0.20
KTATL05_0020	239482	76781	122752	39949	0.32	0.51	0.17
KTATL05_0021	248418	76855	121811	49752	0.31	0.49	0.20
KTATL05_0022	264376	81162	121468	61746	0.31	0.46	0.23
KTATL05_0023	248007	76598	117961	53448	0.31	0.48	0.22
KTATL05_0024	219820	65174	97828	56818	0.30	0.45	0.26
KAROL05_0009	229690	78153	70564	80973	0.34	0.31	0.35
KAROL05_0010	346356	110335	95287	140734	0.32	0.28	0.41
KAROL05_0025	273740	94623	87963	91154	0.35	0.32	0.33
KAROL05_0026	253719	83727	69066	100926	0.33	0.27	0.40
KAROL05_0028	309824	102123	90018	117683	0.33	0.29	0.38
KAROL05_0029	306640	94434	83063	129143	0.31	0.27	0.42
KAROL05_0034	308472	100689	92512	115271	0.33	0.30	0.37
KAROL05_0037	402189	115198	104373	182618	0.29	0.26	0.45
KAROL05_0038	306569	83183	77404	145982	0.27	0.25	0.48
KAROL05_0041	199999	57358	88075	54566	0.29	0.44	0.27
KAROL05_0042	172865	59370	54375	59120	0.34	0.31	0.34
KAROL05_0044	273305	92471	76070	104764	0.34	0.28	0.38
KAROL05_0045	301774	98468	87728	115578	0.33	0.29	0.38
KAROL05_0046	269916	85565	75855	108496	0.32	0.28	0.40
KAROL05_0047	303265	95421	86337	121507	0.31	0.28	0.40
KAROL05_0049	211588	69406	73082	69100	0.33	0.35	0.33
KAROL05_0050	238540	77393	66301	94846	0.32	0.28	0.40
KAROL05_0055	260716	84186	76725	99805	0.32	0.29	0.38
KAROL05_0057	212277	65101	81741	65435	0.31	0.39	0.31
KAROL05_0058	262211	88903	74903	98405	0.34	0.29	0.38
KAROL05_0059	280090	93036	88930	98124	0.33	0.32	0.35
KAROL05_0061	268157	82344	69436	116377	0.31	0.26	0.43
KAROL05_0062	315831	95616	89787	130428	0.30	0.28	0.41
KAROL05_0070	284037	85452	79051	119534	0.30	0.28	0.42
KAROL05_0073	223055	76038	70190	76827	0.34	0.31	0.34
KAROL05_0074	333509	108210	103050	122249	0.32	0.31	0.37
KAROL05_0075	186409	67633	54944	63832	0.36	0.29	0.34
KAROL05_0076	228822	72654	64672	91496	0.32	0.28	0.40
KAROL05_0077	271974	88866	80600	102508	0.33	0.30	0.38
KAROL05_0078	255726	85595	77520	92611	0.33	0.30	0.36
KAROL05_0079	304097	98013	88708	117376	0.32	0.29	0.39
KAROL05_0080	302046	96761	91423	113862	0.32	0.30	0.38
KAROL05_0081	239504	81401	78144	79959	0.34	0.33	0.33
KAROL05_0082	289045	97230	94284	97531	0.34	0.33	0.34
KAROL05_0083	211601	74583	68291	68727	0.35	0.32	0.32
KAROL05_0084	281804	94973	92424	94407	0.34	0.33	0.34
KAROL05_0085	269717	92343	77849	99525	0.34	0.29	0.37
KAROL05_0086	254801	81844	69347	103610	0.32	0.27	0.41
KAROL05_0087	267897	88888	83122	95887	0.33	0.31	0.36
KAROL05_0088	259270	86650	84978	87642	0.33	0.33	0.34
KAROL05_0089	193847	67713	62610	63524	0.35	0.32	0.33
KAROL05_0090	270203	90580	83316	96307	0.34	0.31	0.36
KAROL05_0091	313474	103776	89560	120138	0.33	0.29	0.38
KAROL05_0092	237149	73330	77279	86540	0.31	0.33	0.36
KAROL05_0093	251618	77250	68097	106271	0.31	0.27	0.42
KAROL05_0094	279915	91410	80510	107995	0.33	0.29	0.39
KAROL05_0095	297803	88782	79342	129679	0.30	0.27	0.44
KGEOR05_0053	94534	29839	61575	3120	0.32	0.65	0.03
KGEOR05_0054	264128	83547	87520	93061	0.32	0.33	0.35
KGEOR05_0057	180936	55904	70645	54387	0.31	0.39	0.30
KGEOR05_0060	304198	97324	95688	111186	0.32	0.31	0.37
KGEOR05_0061	249805	71615	98943	79247	0.29	0.40	0.32
KGEOR05_0062	251816	80378	75925	95513	0.32	0.30	0.38
KGEOR05_0063	291969	92092	89117	110760	0.32	0.31	0.38
KGEOR05_0065	335676	103871	96450	135355	0.31	0.29	0.40
KGEOR05_0066	203120	59551	88918	54651	0.29	0.44	0.27
KGEOR05_0071	259026	78941	93592	86493	0.30	0.36	0.33
KGEOR05_0072	223732	72346	76510	74876	0.32	0.34	0.33
KGEOR05_0075	243150	75257	67548	100345	0.31	0.28	0.41
KGEOR05_0079	267112	86614	80964	99534	0.32	0.30	0.37
KGEOR05_0080	295069	94262	90561	110246	0.32	0.31	0.37
KGEOR05_0081	275889	85720	88482	101687	0.31	0.32	0.37
KGEOR05_0082	247458	79303	77196	90959	0.32	0.31	0.37
KGEOR05_0083	241461	76835	69506	95120	0.32	0.29	0.39
KGEOR05_0085	294275	81721	103416	109138	0.28	0.35	0.37
KGEOR05_0087	124431	36390	61794	26247	0.29	0.50	0.21
KGEOR05_0089	257686	83558	76236	97892	0.32	0.30	0.38
KGEOR05_0090	256503	85446	76291	94766	0.33	0.30	0.37
KGEOR05_0092	331092	100660	94089	136343	0.30	0.28	0.41
KGEOR05_0093	345903	105176	91255	149472	0.30	0.26	0.43
KGEOR05_0095	270459	85507	78585	106367	0.32	0.29	0.39
KGEOR05_0096	167320	54365	63220	49735	0.32	0.38	0.30
KGEOR05_0098	251385	83052	81235	87098	0.33	0.32	0.35
KGEOR05_0099	222374	75068	68618	78688	0.34	0.31	0.35
KGEOR05_0701	306633	91443	81696	133494	0.30	0.27	0.44
KGEOR05_0708	303070	99131	86621	117318	0.33	0.29	0.39
KGEOR05_0711	299118	93775	84384	120959	0.31	0.28	0.40
KGEOR05_0712	370616	111852	99685	159079	0.30	0.27	0.43
KGEOR05_0714	303129	89157	78274	135698	0.29	0.26	0.45
KGEOR05_0716	175960	53832	120486	1642	0.31	0.68	0.01
KGEOR05_0718	257667	79996	92912	84759	0.31	0.36	0.33
KGEOR05_0720	210505	67649	79043	63813	0.32	0.38	0.30
KGEOR05_0721	242671	78276	74191	90204	0.32	0.31	0.37
KGEOR05_0723	278894	90803	95500	92591	0.33	0.34	0.33
KGEOR05_0725	283337	91863	85657	105817	0.32	0.30	0.37
KGEOR05_0727	282690	92526	81661	108503	0.33	0.29	0.38
KGEOR05_0728	232078	75902	74020	82156	0.33	0.32	0.35
KGEOR05_0732	259011	83921	77488	97602	0.32	0.30	0.38
KGONF06_0001	239397	70177	75122	94098	0.29	0.31	0.39
KGONF06_0002	252393	77274	83102	92017	0.31	0.33	0.36
KGONF06_0008	266708	79526	82111	105071	0.30	0.31	0.39
KGONF06_0012	277594	84675	87931	104988	0.31	0.32	0.38
KGONF06_0015	251864	76203	79493	96168	0.30	0.32	0.38
KGONF06_0021	261325	77133	79569	104623	0.30	0.30	0.40
KGONF06_0022	274961	78762	79810	116389	0.29	0.29	0.42
KGONF06_0023	357702	96011	101820	159871	0.27	0.28	0.45
KGONF06_0024	224576	68716	72092	83768	0.31	0.32	0.37
KGONF06_0025	249507	77870	78776	92861	0.31	0.32	0.37
KGONF06_0026	205500	60433	62109	82958	0.29	0.30	0.40
KGONF06_0027	248627	74403	75539	98685	0.30	0.30	0.40
KGONF06_0028	277151	79299	77427	120425	0.29	0.28	0.43
KGONF06_0029	282867	81073	81045	120749	0.29	0.29	0.43
KGONF06_0030	285772	80724	80848	124200	0.28	0.28	0.43
KGONF06_0033	236209	72339	76016	87854	0.31	0.32	0.37
KGONF06_0041	166726	44363	79254	43109	0.27	0.48	0.26
KGONF06_0065	194447	53356	84854	56237	0.27	0.44	0.29
KGONF06_0066	236375	71189	72174	93012	0.30	0.31	0.39
KGONF06_0067	254525	75870	75144	103511	0.30	0.30	0.41
KGONF06_0068	259536	77363	78206	103967	0.30	0.30	0.40
KGONF06_0069	265200	79575	81925	103700	0.30	0.31	0.39
KGONF06_0070	278975	80227	79545	119203	0.29	0.29	0.43
KGONF06_0071	255206	71096	72845	111265	0.28	0.29	0.44
KGONF06_0072	256272	75941	81143	99188	0.30	0.32	0.39
KGONF06_0073	193668	54540	76452	62676	0.28	0.39	0.32
KGONF06_0074	254605	73443	66875	114287	0.29	0.26	0.45
KGONF06_0075	255613	74226	74580	106807	0.29	0.29	0.42
KGONF06_0076	245696	70119	68879	106698	0.29	0.28	0.43
KGONF06_0077	283700	79111	78738	125851	0.28	0.28	0.44
KGONF06_0078	300908	85065	86421	129422	0.28	0.29	0.43
KGONF06_0079	290410	80003	81329	129078	0.28	0.28	0.44
KGONF06_0080	246080	74337	74889	96854	0.30	0.30	0.39
KGONF06_0081	228671	67805	80867	79999	0.30	0.35	0.35
KGONF06_0082	244074	71585	71215	101274	0.29	0.29	0.41
KGONF06_0083	253584	73190	72950	107444	0.29	0.29	0.42
KGONF06_0084	238793	69318	69616	99859	0.29	0.29	0.42
KGONF06_0085	259019	72156	72038	114825	0.28	0.28	0.44
KGONF06_0086	300604	80337	79705	140562	0.27	0.27	0.47
KGONF06_0087	242901	67715	68094	107092	0.28	0.28	0.44
KGONF06_0088	211854	58122	63851	89881	0.27	0.30	0.42
KGONF06_0089	205410	62088	69978	73344	0.30	0.34	0.36
KGONF06_0090	234145	66234	69924	97987	0.28	0.30	0.42
KGONF06_0091	209531	64939	65617	78975	0.31	0.31	0.38
KGONF06_0092	243271	69919	70619	102733	0.29	0.29	0.42
KGONF06_0093	200458	61751	70016	68691	0.31	0.35	0.34
KGONF06_0094	232224	70332	71638	90254	0.30	0.31	0.39
KGONF06_0095	285816	73204	76455	136157	0.26	0.27	0.48
KGEOR05_0734	188930	55693	64185	69052	0.29	0.34	0.37
KGEOR05_0735	201485	58413	66309	76763	0.29	0.33	0.38
KGEOR05_0741	189851	57575	62352	69924	0.30	0.33	0.37
KGEOR05_0747	213656	62570	71224	79862	0.29	0.33	0.37
KGEOR05_0748	181538	53420	64701	63417	0.29	0.36	0.35
KGEOR05_0749	207851	62523	69250	76078	0.30	0.33	0.37
KGEOR05_0750	254825	72425	83072	99328	0.28	0.33	0.39
KGEOR05_0704	307427	79395	80791	147241	0.26	0.26	0.48
KIOW10_0001	198404	56126	80356	61922	0.28	0.41	0.31
KIOW10_0007	205192	62601	68794	73797	0.31	0.34	0.36
KIOW10_0008	174575	50526	73523	50526	0.29	0.42	0.29
KIOW10_0009	166406	47742	66499	52165	0.29	0.40	0.31
KIOW10_0015	212954	62071	72040	78843	0.29	0.34	0.37
KIOW10_0017	204015	57107	77781	69127	0.28	0.38	0.34
KIOW10_0024	188620	54532	71837	62251	0.29	0.38	0.33
KIOW10_0025	228923	70031	76683	82209	0.31	0.33	0.36
KIOW10_0033	192156	54941	70879	66336	0.29	0.37	0.35
KIOW10_0040	214600	63574	70932	80094	0.30	0.33	0.37
KIOW10_0041	154549	47501	52904	54144	0.31	0.34	0.35
KIOW10_0049	195519	53558	65953	76008	0.27	0.34	0.39
KIOW10_0061	201454	60334	69584	71536	0.30	0.35	0.36
KIOW10_0062	219135	65076	73536	80523	0.30	0.34	0.37
KIOW10_0063	235056	69304	80215	85537	0.29	0.34	0.36
KIOW10_0064	183072	51546	107742	23784	0.28	0.59	0.13
KIOW10_0065	193338	57706	72804	62828	0.30	0.38	0.32
KIOW10_0066	207518	55745	82626	69147	0.27	0.40	0.33
KIOW13_0001	162807	46645	61724	54438	0.29	0.38	0.33
KIOW13_0002	232850	69814	71394	91642	0.30	0.31	0.39
KIOW13_0003	197819	61093	60460	76266	0.31	0.31	0.39
KIOW13_0004	250359	74138	74949	101272	0.30	0.30	0.40
KIOW13_0005	244506	72549	72865	99092	0.30	0.30	0.41
KIOW13_0006	238712	69375	72045	97292	0.29	0.30	0.41
KIOW13_0007	207039	61864	62310	82865	0.30	0.30	0.40
KIOW13_0008	202664	62085	61896	78683	0.31	0.31	0.39
KIOW13_0009	213625	63056	61251	89318	0.30	0.29	0.42
KIOW13_0010	235275	72220	73435	89620	0.31	0.31	0.38
KIOW13_0011	255585	73196	69997	112392	0.29	0.27	0.44
KIOW13_0012	233134	72618	71016	89500	0.31	0.30	0.38
KIOW13_0013	248757	74099	73882	100776	0.30	0.30	0.41
KIOW13_0014	231280	67410	70098	93772	0.29	0.30	0.41
KAROL05_0009_KAROL05_0010	576046	188488	165851	221707	0.33	0.29	0.38
KAROL05_0025_KAROL05_0026	527459	178350	157029	192080	0.34	0.30	0.36
KAROL05_0028_KAROL05_0029	616464	196557	173081	246826	0.32	0.28	0.40
