Locus	Primer Reads	Primer Probe Reads	Primer Probe Proportion
Ots_100884-287	11493	11089	0.96
Ots_101554-407	159753	13437	0.08
Ots_101704-143	11451	9416	0.82
Ots_102213-210	3696	2546	0.69
Ots_102414-395	14445	2820	0.20
Ots_102457-132	10532	5293	0.50
Ots_102801-308	7654	5452	0.71
Ots_102867-609	23716	19726	0.83
Ots_103041-52	24261	19421	0.80
Ots_103122-180	1413901	14801	0.01
Ots_104048-194	17652	6193	0.35
Ots_104415-88	6443	6179	0.96
Ots_104569-86	4130	2548	0.62
Ots_105105-613	4608	3839	0.83
Ots_105132-200	28781	13125	0.46
Ots_105897-124	2809	2108	0.75
Ots_106419b-618	56645	11926	0.21
Ots_106499-70	10068	9027	0.90
Ots_106747-239	15650	11804	0.75
Ots_107074-284	7276	6771	0.93
Ots_107806-821	11358	4370	0.38
Ots_108007-208	24618	18023	0.73
Ots_108390-329	7483	7027	0.94
Ots_108735-302	4659	4002	0.86
Ots_108820-336	4344	4217	0.97
Ots_109525-816	10492	10086	0.96
Ots_109693-392	13968	13062	0.94
Ots_110064-383	12321	10706	0.87
Ots_110201-363	5301	4141	0.78
Ots_110551-64	8011	7767	0.97
Ots_110689-218	3839	3601	0.94
Ots_111084b-619	3810	3644	0.96
Ots_111312-435	19923	19098	0.96
Ots_112208-722	1663	1538	0.92
Ots_112301-43	8142	7562	0.93
Ots_112419-131	6517	5552	0.85
Ots_112876-371	11311	10689	0.95
Ots_113242-216	8646	8393	0.97
Ots_113457-40R	11551	4076	0.35
Ots_115987-325	27162	8539	0.31
Ots_117242-136	520057	9872	0.02
Ots_117432-409	11343	10316	0.91
Ots_118175-479	9866	8717	0.88
Ots_118938-325	11975	11461	0.96
Ots_120950-417	25319	12059	0.48
Ots_123048-521	11260	10950	0.97
Ots_123921-111	8108	5909	0.73
Ots_126619-400	6418	6146	0.96
Ots_127236-62	5862	3742	0.64
Ots_127760-569	9436	6227	0.66
Ots_128302-57	7663	5649	0.74
Ots_128693-461	10471	10040	0.96
Ots_128757-61R	9683	9405	0.97
Ots_129458-451	23917	21754	0.91
Ots_130720-99	13785	13514	0.98
Ots_131460-584	7205	6732	0.93
Ots_131802-393	11607	8852	0.76
Ots_131906-141	382973	11661	0.03
Ots_94857-232R	16536	15285	0.92
Ots_94903-99R	7572	6910	0.91
Ots_95442b-204	11217	10705	0.95
Ots_96222-525	5169	5061	0.98
Ots_96500-180	10775	9597	0.89
Ots_96899-357R	4967	4303	0.87
Ots_97660-56	7615	7388	0.97
Ots_98409-850	7003	6699	0.96
Ots_99550-204	12993	6585	0.51
Ots_AldB1-122	3757	2633	0.70
Ots_AldoB4-183	10042	9488	0.94
Ots_brp16-64	18810	17107	0.91
Ots_CCR7	13330	9524	0.71
Ots_CD59-2	18594	11535	0.62
Ots_CD63	13614	11996	0.88
Ots_cgo24-22	21243	20082	0.95
Ots_Chin30up-211	6909	4866	0.70
Ots_CirpA	8149	7809	0.96
Ots_cox1-241	11555	11137	0.96
Ots_crRAD10447-25	3337	2310	0.69
Ots_crRAD11620-55	14344	9954	0.69
Ots_crRAD12037-39	60318	8794	0.15
Ots_crRAD16540-50	21673	21184	0.98
Ots_crRAD17527-58	1503	1398	0.93
Ots_crRAD20262-46	33345	16269	0.49
Ots_crRAD20376-66	26029	18226	0.70
Ots_crRAD21115-24	12362	10126	0.82
Ots_crRAD22960-32	103234	26631	0.26
Ots_crRAD25367-50	233913	14791	0.06
Ots_crRAD255-59	112357	16963	0.15
Ots_crRAD26165-69	13179	12535	0.95
Ots_crRAD27164-55	9190	8733	0.95
Ots_crRAD27515-69	25035	20632	0.82
Ots_crRAD2806-42	14846	4799	0.32
Ots_crRAD28677-65	5927	2969	0.50
Ots_crRAD33054-62	88583	20997	0.24
Ots_crRAD33491-71	27404	26700	0.97
Ots_crRAD34397-33	55409	28912	0.52
Ots_crRAD36072-29	109798	8957	0.08
Ots_crRAD3758-51	16276	10772	0.66
Ots_crRAD42058-48	21235	3611	0.17
Ots_crRAD44588-67	40846	36524	0.89
Ots_crRAD47297-55	21226	19935	0.94
Ots_crRAD5061-27	15907	6374	0.40
Ots_crRAD57376-68	6780	5115	0.75
Ots_crRAD57520-66	16801	15663	0.93
Ots_crRAD57537-24	40642	5560	0.14
Ots_crRAD60620-51	38566	16482	0.43
Ots_crRAD66330-60	12509	12030	0.96
Ots_crRAD69327-53	25132	22292	0.89
Ots_crRAD73823-60	21416	20756	0.97
Ots_crRAD74766-28	27180	15931	0.59
Ots_crRAD75581-70	25352	21199	0.84
Ots_crRAD76512-28	56154	19785	0.35
Ots_DESMIN19-SNP1	21236	12496	0.59
Ots_E2-275	14730	13073	0.89
Ots_EP-529	15772	9655	0.61
Ots_Est1363	19415	2858	0.15
Ots_Est740	10629	9211	0.87
Ots_ETIF1A	44050	9363	0.21
Ots_FARSLA-220	7246	7050	0.97
Ots_FGF6A	3884	3452	0.89
Ots_FGF6B_1	13470	7729	0.57
Ots_GDH-81x	13663	9421	0.69
Ots_GH2	24260	21132	0.87
Ots_GPDH-338	5497	1755	0.32
Ots_GPH-318	16079	14845	0.92
Ots_GST-207	15552	14550	0.94
Ots_GTH2B-550	7899	7388	0.94
Ots_HFABP-34	29031	11970	0.41
Ots_hnRNPL-533	11083	10417	0.94
Ots_hsc71-3'-488	8860	8450	0.95
Ots_hsp27b-150	13324	7745	0.58
Ots_Hsp90a	9469	9037	0.95
Ots_HSP90B-100	16173	15277	0.94
Ots_HSP90B-385	144823	31277	0.22
Ots_hsp90BA-252	16324	15804	0.97
Ots_IGF-I.1-76	9327	5674	0.61
Ots_Ikaros-250	8928	6713	0.75
Ots_IL11	33948	15188	0.45
Ots_il-1racp-166	20961	18884	0.90
Ots_ins-115	28379	27385	0.96
Ots_IsoT	280322	9312	0.03
Ots_LEI-292	11682	7256	0.62
Ots_LWSop-638	21080	12271	0.58
Ots_mapK-3'-309	12165	9035	0.74
Ots_mapKpr-151	25242	9284	0.37
Ots_MHC1	9675	9047	0.94
Ots_MHC2	84356	11893	0.14
Ots_mybp-85	4444	4088	0.92
Ots_myo1a-384	17689	16382	0.93
Ots_NAML12-SNP1	4078	3510	0.86
Ots_nelfd-163	8377	5164	0.62
Ots_nkef-192	5769	5594	0.97
Ots_NOD1	10430	9253	0.89
Ots_nramp-321	9467	7265	0.77
Ots_ntl-255	21884	8006	0.37
Ots_Ostm1	24309	15169	0.62
Ots_P450	2327	2240	0.96
Ots_P450-288	16441	9226	0.56
Ots_P53	16624	16004	0.96
Ots_parp3-286	9647	5202	0.54
Ots_PEMT	8624	6243	0.72
Ots_pigh-105	3432	2796	0.81
Ots_pop5-96	8514	8127	0.95
Ots_ppie-245	133560	6900	0.05
Ots_Prl2	7461	6944	0.93
Ots_RAD10400	29139	15642	0.54
Ots_RAD10412	9880	8879	0.90
Ots_RAD10515	54118	27233	0.50
Ots_RAD10583	8358	8100	0.97
Ots_RAD1072	6523	6225	0.95
Ots_RAD10807	42566	21599	0.51
Ots_RAD1104-38	41342	18787	0.45
Ots_RAD11425	21466	17000	0.79
Ots_RAD11441	43702	23218	0.53
Ots_RAD1149	6042	5380	0.89
Ots_RAD11821	5476	5042	0.92
Ots_RAD11839	10460	6877	0.66
Ots_RAD12182	157736	13049	0.08
Ots_RAD1372	8971	8668	0.97
Ots_RAD14482	27881	27163	0.97
Ots_RAD14528	5048	4897	0.97
Ots_RAD14650	13554	11225	0.83
Ots_RAD14852	57201	37702	0.66
Ots_RAD1507	60041	20190	0.34
Ots_RAD1510	14758	12323	0.84
Ots_RAD15440	32540	30935	0.95
Ots_RAD161	42984	23385	0.54
Ots_RAD16976	19206	15491	0.81
Ots_RAD17721	26575	13955	0.53
Ots_RAD17873	21032	20222	0.96
Ots_RAD1832-39	10912	10320	0.95
Ots_RAD18973	27061	22421	0.83
Ots_RAD2068	15737	15460	0.98
Ots_RAD21143	16804	15914	0.95
Ots_RAD2150	6128	5358	0.87
Ots_RAD21978	18915	17643	0.93
Ots_RAD2207	12349	11625	0.94
Ots_RAD22318	23717	22483	0.95
Ots_RAD2234	62295	38360	0.62
Ots_RAD2442	13332	12835	0.96
Ots_RAD249	24901	24462	0.98
Ots_RAD2598	6014	5397	0.90
Ots_RAD2677	4011	2383	0.59
Ots_RAD2683	7701	7236	0.94
Ots_RAD2856	6498	6326	0.97
Ots_RAD3123	15724	15041	0.96
Ots_RAD3386	31825	27592	0.87
Ots_RAD3391	0	0	NA
Ots_RAD3425	10838	9570	0.88
Ots_RAD3470	11626	9835	0.85
Ots_RAD3513-49	17109	13685	0.80
Ots_RAD3635	10273	8201	0.80
Ots_RAD3737	20122	19430	0.97
Ots_RAD3766	12236	11808	0.97
Ots_RAD3858	64195	54644	0.85
Ots_RAD3925	19422	10195	0.52
Ots_RAD4043	151310	19862	0.13
Ots_RAD4185	34190	19097	0.56
Ots_RAD4369-50	10481	10232	0.98
Ots_RAD4438	15230	14368	0.94
Ots_RAD4543-52	15561	14772	0.95
Ots_RAD4778	207212	15941	0.08
Ots_RAD4999	4393	4079	0.93
Ots_RAD5426-36	8238	7415	0.90
Ots_RAD5429	78644	4313	0.05
Ots_RAD5848	39536	38749	0.98
Ots_RAD6097	19224	18150	0.94
Ots_RAD6121	24735	21988	0.89
Ots_RAD6184	32532	30001	0.92
Ots_RAD6618-57	17623	16871	0.96
Ots_RAD6688	24836	24174	0.97
Ots_RAD6755	13741	13119	0.95
Ots_RAD679	14394	9281	0.64
Ots_RAD7145	439783	20223	0.05
Ots_RAD7165	21657	20895	0.96
Ots_RAD7936-50	43968	4832	0.11
Ots_RAD8200-45	53725	14724	0.27
Ots_RAD8354	267357	13871	0.05
Ots_RAD856	2680	2597	0.97
Ots_RAD8560	13021	11329	0.87
Ots_RAD9039	17506	17213	0.98
Ots_RAD9480-51	21685	14081	0.65
Ots_RAD9536	160732	27643	0.17
Ots_RAD9704	15581	15056	0.97
Ots_RAD9756	6148	5929	0.96
Ots_RAD995	107799	2981	0.03
Ots_RAD9970	7727	7539	0.98
Ots_RAG3	6590	4403	0.67
Ots_redd1-187	7405	7217	0.97
Ots_S7-1	5887	5682	0.97
Ots_SClkF2R2-135	15511	13396	0.86
Ots_SERPC1-209	4270	3664	0.86
Ots_SL	6758	5626	0.83
Ots_SWS1op-182	5261	5016	0.95
Ots_TAPBP	63406	15649	0.25
Ots_TCTA-58	10890	5665	0.52
Ots_TF1-SNP1	10606	10162	0.96
Ots_Tf-3545	20022	19496	0.97
Ots_TGFB	12760	6985	0.55
Ots_Thio	3637	3161	0.87
Ots_TNF	22324	19399	0.87
Ots_Tnsf	12888	12338	0.96
Ots_tpx2-125	63091	7506	0.12
Ots_txnip-321	10903	10558	0.97
Ots_u07-07.161	4340	4198	0.97
Ots_u07-17.135	6907	6727	0.97
Ots_u07-17.373	196037	8169	0.04
Ots_u07-18.378	12317	11781	0.96
Ots_u07-25.325	9046	6090	0.67
Ots_u07-49.290	11188	6922	0.62
Ots_u07-53.133	9389	8880	0.95
Ots_u1002-75	48192	30140	0.63
Ots_u1004-117	16281	15945	0.98
Ots_u1006-171	4856	3985	0.82
Ots_u1007-124	10480	10213	0.97
Ots_u202-161	4903	4284	0.87
Ots_u211-85	7562	7244	0.96
Ots_U2305-63	3504	3213	0.92
Ots_U2362-227	26409	25777	0.98
Ots_U2362-330	9185	8899	0.97
Ots_U2446-123	9050	8710	0.96
Ots_U2567-104	7271	6927	0.95
Ots_u4-92	9603	9332	0.97
Ots_U5049-250	15238	14436	0.95
Ots_U5121-34	6789	6335	0.93
Ots_u6-75	3808	3446	0.90
Ots_unk526	65465	29025	0.44
Ots_zn593-346	4655	4395	0.94
Ots_ZNF330-181	53422	52426	0.98
Ots_zP3b-215	4101	3870	0.94
Ots_ZR-575	73036	1846	0.03
RAD100237	14113	10037	0.71
RAD10049	39364	22360	0.57
RAD10100	8096	7985	0.99
RAD10269	4316	3645	0.84
RAD103380	34312	26276	0.77
RAD103394	31355	29192	0.93
RAD10467	49465	25991	0.53
RAD104974	23491	20931	0.89
RAD105150	49402	48420	0.98
RAD10653	19350	18928	0.98
RAD106699	12196	10886	0.89
RAD10672	13306	12482	0.94
RAD106862	139085	78307	0.56
RAD10694	60993	24992	0.41
RAD108943	201962	193720	0.96
RAD10924	29334	29165	0.99
RAD109411	34915	31616	0.91
RAD109432	10698	9873	0.92
RAD11066	11325	3691	0.33
RAD111430	17740	15641	0.88
RAD111869	45863	43519	0.95
RAD112461	10695	10280	0.96
RAD113057	64036	12607	0.20
RAD113669	6470	6288	0.97
RAD11391	24482	3406	0.14
RAD11494	24313	23890	0.98
RAD11883	124791	19917	0.16
RAD121111	31543	30945	0.98
RAD12225	30045	29462	0.98
RAD12343	28054	15709	0.56
RAD12673	49326	39949	0.81
RAD12688	38135	29631	0.78
RAD13045	10409	1366	0.13
RAD13115	23159	22795	0.98
RAD13435	56380	13837	0.25
RAD13448	7255	7086	0.98
RAD13687	26257	25334	0.96
RAD13711	18787	16151	0.86
RAD13755	33880	33251	0.98
RAD13969	138824	138424	1.00
RAD14092	37154	12843	0.35
RAD14152	14681	14479	0.99
RAD14219	2528	2406	0.95
RAD14463	33705	30879	0.92
RAD14720	24450	23765	0.97
RAD14738	9690	7424	0.77
RAD14946	53928	53818	1.00
RAD15284	6654	6226	0.94
RAD15416	6495	5909	0.91
RAD15618	29550	29039	0.98
RAD15684	38983	30520	0.78
RAD16021	14430	12304	0.85
RAD16038	20670	19641	0.95
RAD16161	43605	30438	0.70
RAD16169	11583	7439	0.64
RAD1622	23402	22618	0.97
RAD16441	36198	24418	0.67
RAD1650	32923	32033	0.97
RAD16502	15877	15018	0.95
RAD16523	24817	24443	0.98
RAD16644	98104	15396	0.16
RAD17027	10523	9687	0.92
RAD17338	27840	26943	0.97
RAD17420	3237	3128	0.97
RAD17568	40087	36191	0.90
RAD17570	8918	8700	0.98
RAD17633	92988	85104	0.92
RAD1767	21032	20040	0.95
RAD17684	5758	4334	0.75
RAD17711	36667	35648	0.97
RAD17961	3696	2498	0.68
RAD18012	36324	36145	1.00
RAD18047	589598	8011	0.01
RAD18048	59066	54849	0.93
RAD18289	6673	5114	0.77
RAD18527	22011	21180	0.96
RAD18602	12184	7542	0.62
RAD18777	140662	19600	0.14
RAD18806	34329	29414	0.86
RAD19033	28087	26500	0.94
RAD19034	9847	9656	0.98
RAD19080	20733	10499	0.51
RAD19162	32727	4604	0.14
RAD19423	11358	10874	0.96
RAD19429	24380	18528	0.76
RAD19444	24788	24663	0.99
RAD19451	21111	20681	0.98
RAD19594	39236	32046	0.82
RAD19707	8483	7368	0.87
RAD19731	11842	11564	0.98
RAD20110	20111	19348	0.96
RAD20459	5853	3532	0.60
RAD21210	10273	10169	0.99
RAD21363	19147	18646	0.97
RAD21392	79963	8335	0.10
RAD21430	1531	506	0.33
RAD21617	19742	17021	0.86
RAD21678	2272	1891	0.83
RAD21800	188959	18346	0.10
RAD22043	119822	34217	0.29
RAD22064	66133	48527	0.73
RAD22283	19835	14536	0.73
RAD22426	14339	13592	0.95
RAD22485	22540	18243	0.81
RAD22497	36636	31389	0.86
RAD22712	32441	31023	0.96
RAD22741	51768	35176	0.68
RAD22765	15000	14330	0.96
RAD23010	21943	21837	1.00
RAD23074	25757	25448	0.99
RAD2313	64956	64838	1.00
RAD23299	49469	25629	0.52
RAD23462	9776	6359	0.65
RAD23604	17016	12844	0.75
RAD23793	39634	30169	0.76
RAD24124	14817	14588	0.98
RAD24491	58637	57268	0.98
RAD24637	31707	30837	0.97
RAD2481	4873	4821	0.99
RAD24924	17951	17537	0.98
RAD2511	218520	8439	0.04
RAD25234	49590	25277	0.51
RAD25328	29245	28385	0.97
RAD25435	28344	27925	0.99
RAD25668	15604	14971	0.96
RAD25754	37656	36408	0.97
RAD25876	15938	15212	0.95
RAD25971	47283	46214	0.98
RAD26108	25670	19036	0.74
RAD26189	21141	18527	0.88
RAD26644	9709	7158	0.74
RAD26668	24030	20151	0.84
RAD26684	21759	15579	0.72
RAD26757	12654	11863	0.94
RAD26794	17635	16655	0.94
RAD27020	13472	13286	0.99
RAD27296	1478	1467	0.99
RAD27324	30809	28447	0.92
RAD27427	18228	18056	0.99
RAD27894	56352	54581	0.97
RAD28029	52851	51238	0.97
RAD28238	13050	8994	0.69
RAD28544	5802	5368	0.93
RAD2868	196726	13490	0.07
RAD28868	19151	11466	0.60
RAD28900	120435	25176	0.21
RAD28971	25781	21257	0.82
RAD29121	6275	6066	0.97
RAD29186	23518	22945	0.98
RAD29190	87174	35303	0.40
RAD2923	12133	11747	0.97
RAD29326	36518	29330	0.80
RAD29357	39231	38516	0.98
RAD29446	113874	101230	0.89
RAD29632	3440	1591	0.46
RAD29660	46440	29548	0.64
RAD29784	2097	1812	0.86
RAD29806	68785	33989	0.49
RAD2986	34830	12330	0.35
RAD29903	29894	29814	1.00
RAD30169	33258	32214	0.97
RAD30174	353244	11206	0.03
RAD30345	22323	21293	0.95
RAD30562	195267	21454	0.11
RAD30674	8465	8373	0.99
RAD30756	14177	10009	0.71
RAD30759	17842	12570	0.70
RAD30760	39985	39370	0.98
RAD3088	25695	24473	0.95
RAD31001	47990	47292	0.99
RAD31005	81978	69747	0.85
RAD3112	11093	10929	0.99
RAD31204	101056	41013	0.41
RAD31298	20152	19831	0.98
RAD31577	2964	2656	0.90
RAD31580	19561	17908	0.92
RAD31686	31627	30624	0.97
RAD31704	176080	7865	0.04
RAD31731	17768	16749	0.94
RAD31796	10739	8054	0.75
RAD31904	29177	28511	0.98
RAD32068	63702	61180	0.96
RAD32074	198360	116699	0.59
RAD32162	14990	9605	0.64
RAD32242	19815	15787	0.80
RAD32279	18939	17825	0.94
RAD32287	64017	57973	0.91
RAD32295	25888	25514	0.99
RAD32847	20135	17015	0.85
RAD33013	38476	22652	0.59
RAD33342	170061	140248	0.82
RAD33481	19329	18822	0.97
RAD33876	343599	11920	0.03
RAD3388	16928	16102	0.95
RAD3409	18285	8874	0.49
RAD34223	5144	4603	0.89
RAD34326	34157	30210	0.88
RAD3435	19053	18812	0.99
RAD34547	108431	108138	1.00
RAD34699	15623	15348	0.98
RAD34754	20881	20218	0.97
RAD34802	89428	81540	0.91
RAD3524	138768	132797	0.96
RAD35247	44630	20552	0.46
RAD35495	4087	3677	0.90
RAD35507	22021	20926	0.95
RAD35949	69065	67587	0.98
RAD36197	6112	4187	0.69
RAD36202	10836	10490	0.97
RAD36293	370745	12890	0.03
RAD36391	49045	16958	0.35
RAD36916	8285	8063	0.97
RAD36985	64613	63597	0.98
RAD370	384191	89856	0.23
RAD37035	25842	21876	0.85
RAD37169	82829	81811	0.99
RAD37275	28845	23665	0.82
RAD37412	35690	34906	0.98
RAD37661	4456	4295	0.96
RAD37734	15750	15268	0.97
RAD37744	20327	20230	1.00
RAD3775	24120	23158	0.96
RAD37868	1416	1375	0.97
RAD37899	17642	17368	0.98
RAD38012	27945	27627	0.99
RAD38104	33788	18530	0.55
RAD38114	11991	11656	0.97
RAD38337	3892	3846	0.99
RAD3884	7978	7540	0.95
RAD392	8035	8009	1.00
RAD39459	40279	39565	0.98
RAD39547	11533	10727	0.93
RAD39673	31383	30923	0.99
RAD39700	24024	23331	0.97
RAD39749	23124	22118	0.96
RAD39844	8292	5971	0.72
RAD4000	181905	32550	0.18
RAD40163	2706	2247	0.83
RAD40707	15347	15132	0.99
RAD41110	56135	11736	0.21
RAD41297	13846	13640	0.99
RAD41636	17709	17631	1.00
RAD42022	21125	20485	0.97
RAD42293	5496	5455	0.99
RAD42530	11571	10959	0.95
RAD42562	21238	20458	0.96
RAD42841	9752	9268	0.95
RAD42864	8784	3470	0.40
RAD43086	19100	4795	0.25
RAD43187	21065	20947	0.99
RAD43483	8173	7746	0.95
RAD4350	67341	61664	0.92
RAD43546	98139	27370	0.28
RAD43732	57912	12425	0.21
RAD43797	28873	28232	0.98
RAD43964	39042	38644	0.99
RAD44058	205381	18213	0.09
RAD44188	17226	16639	0.97
RAD44206	3991	3496	0.88
RAD44453	56066	41194	0.73
RAD44550	12376	6641	0.54
RAD44615	44552	44108	0.99
RAD44834	176728	166519	0.94
RAD44889	112880	59340	0.53
RAD45063	5490	4900	0.89
RAD45360	10547	7875	0.75
RAD45891	12022	8040	0.67
RAD45936	37707	37023	0.98
RAD46027	63354	63148	1.00
RAD4642	39184	38693	0.99
RAD46575	45598	44439	0.97
RAD4669	27135	17754	0.65
RAD46722	9998	9856	0.99
RAD46842	6615	6280	0.95
RAD47165	47525	47484	1.00
RAD47191	297953	27394	0.09
RAD47972	163157	1831	0.01
RAD48100	49654	49557	1.00
RAD48268	12264	12010	0.98
RAD48526	53349	39543	0.74
RAD48603	42105	41443	0.98
RAD48683	86924	85719	0.99
RAD48698	22736	21789	0.96
RAD48855	15209	14970	0.98
RAD48862	19219	18682	0.97
RAD49200	113140	50106	0.44
RAD49353	32182	31809	0.99
RAD49712	5359	5237	0.98
RAD4973	34509	33524	0.97
RAD49920	45361	38888	0.86
RAD49935	42404	40628	0.96
RAD50089	92806	87156	0.94
RAD50307	17450	17180	0.98
RAD50458	8419	8303	0.99
RAD5057	11590	11172	0.96
RAD50630	32199	29909	0.93
RAD50703	25122	21431	0.85
RAD50998	12077	11529	0.95
RAD51009	43487	41667	0.96
RAD51032	11404	9515	0.83
RAD51191	2745	2227	0.81
RAD51419	32936	31409	0.95
RAD51557	32960	32587	0.99
RAD51586	31964	3174	0.10
RAD51607	16995	16736	0.98
RAD51970	10287	5350	0.52
RAD52242	47335	20989	0.44
RAD52320	42653	33807	0.79
RAD52459	107838	104529	0.97
RAD52569	250667	41165	0.16
RAD52593	36808	35012	0.95
RAD52773	46331	42599	0.92
RAD53083	29641	21168	0.71
RAD53400	18308	18097	0.99
RAD53513	323943	60049	0.19
RAD53574	5187	5023	0.97
RAD5393	41395	30157	0.73
RAD54457	132978	34482	0.26
RAD5447	9463	9084	0.96
RAD54614	19921	18925	0.95
RAD54647	15290	4790	0.31
RAD54653	7291	6435	0.88
RAD55126	11587	11252	0.97
RAD55132	52533	33492	0.64
RAD55425	11818	11543	0.98
RAD55538	36551	21767	0.60
RAD55571	5513	5298	0.96
RAD55972	14268	14016	0.98
RAD56272	21000	19767	0.94
RAD56291	7121	6464	0.91
RAD56425	707610	40437	0.06
RAD56430	95357	46235	0.48
RAD56518	3632	3522	0.97
RAD5654	17789	16855	0.95
RAD5667	4961	4955	1.00
RAD56839	18679	18641	1.00
RAD57006	21651	13738	0.63
RAD57206	23127	9549	0.41
RAD57416	19633	19212	0.98
RAD57654	86925	86308	0.99
RAD57669	49252	14687	0.30
RAD57684	23079	19655	0.85
RAD57958	46879	16993	0.36
RAD58176	16097	14511	0.90
RAD58405	468910	59046	0.13
RAD58747	21532	20354	0.95
RAD58779	17897	17542	0.98
RAD58832	24038	23772	0.99
RAD59099	91091	61997	0.68
RAD591	5424	3536	0.65
RAD59133	2756	2226	0.81
RAD59428	13892	13426	0.97
RAD59559	25939	23757	0.92
RAD59667	14968	13511	0.90
RAD59751	70506	46916	0.67
RAD59860	43768	43548	0.99
RAD59888	178205	11781	0.07
RAD59970	37680	37510	1.00
RAD60124	16365	12935	0.79
RAD60155	20693	19808	0.96
RAD60285	38623	31312	0.81
RAD60421	18235	18074	0.99
RAD60730	27299	13265	0.49
RAD60759	6690	4734	0.71
RAD60852	8051	7697	0.96
RAD61069	47699	45234	0.95
RAD61077	34464	30845	0.89
RAD61165	25279	23904	0.95
RAD61177	56767	55901	0.98
RAD61345	14790	13708	0.93
RAD61428	77021	74847	0.97
RAD62017	43534	32576	0.75
RAD62019	173164	4563	0.03
RAD62094	26882	19085	0.71
RAD62165	157142	76427	0.49
RAD62232	38163	37130	0.97
RAD62245	3056	2974	0.97
RAD62372	68805	50538	0.73
RAD62380	8136	7925	0.97
RAD62589	37169	17467	0.47
RAD6287	31945	31495	0.99
RAD63105	7098	7000	0.99
RAD63138	8489	6782	0.80
RAD63334	64770	36456	0.56
RAD63594	47246	44284	0.94
RAD63663	15357	12290	0.80
RAD63727	46163	44620	0.97
RAD63752	41526	40788	0.98
RAD6377	2544	1942	0.76
RAD64082	27350	25353	0.93
RAD64098	10637	10040	0.94
RAD64200	56019	14486	0.26
RAD64288	6110	1950	0.32
RAD64332	30766	30212	0.98
RAD64506	122436	121196	0.99
RAD64737	26210	26056	0.99
RAD64860	24376	22527	0.92
RAD65000	16207	13216	0.82
RAD65345	35565	32938	0.93
RAD65395	46852	34293	0.73
RAD65466	3680	1752	0.48
RAD65596	52555	47069	0.90
RAD66171	76934	70776	0.92
RAD66360	39274	31945	0.81
RAD66433	34353	27526	0.80
RAD66791	13424	12230	0.91
RAD66848	10924	10013	0.92
RAD67186	29806	24320	0.82
RAD67216	12451	12226	0.98
RAD67610	82277	77288	0.94
RAD6764	6446	6316	0.98
RAD67869	23760	23137	0.97
RAD68159	11545	10781	0.93
RAD68429	10904	10735	0.98
RAD69027	30432	29462	0.97
RAD69045	10712	5883	0.55
RAD6912	54442	51816	0.95
RAD69306	71764	70466	0.98
RAD6936	2295	2257	0.98
RAD69400	60945	36104	0.59
RAD69490	26704	25598	0.96
RAD69506	27409	26884	0.98
RAD69691	21510	19938	0.93
RAD6991	23692	21077	0.89
RAD7005	13265	12935	0.98
RAD70063	14437	13481	0.93
RAD70107	37585	35376	0.94
RAD70287	20688	20249	0.98
RAD70339	5964	5774	0.97
RAD70808	11611	10888	0.94
RAD70819	15607	14666	0.94
RAD7112	18367	18014	0.98
RAD71514	16958	11651	0.69
RAD71821	45256	44219	0.98
RAD72365	10539	7311	0.69
RAD72391	2494	2473	0.99
RAD72676	13164	12707	0.97
RAD72690	49988	35827	0.72
RAD72713	45000	44208	0.98
RAD72961	41278	24344	0.59
RAD72992	23797	20736	0.87
RAD73097	44744	42659	0.95
RAD73140	12847	12461	0.97
RAD73251	16285	16272	1.00
RAD7326	59466	59411	1.00
RAD73366	142841	137745	0.96
RAD73402	20795	14932	0.72
RAD73427	6392	5989	0.94
RAD73659	28807	27975	0.97
RAD73786	10505	10289	0.98
RAD74009	6921	6336	0.92
RAD74164	24207	18594	0.77
RAD74404	29155	28221	0.97
RAD74409	129628	127913	0.99
RAD74511	19863	16411	0.83
RAD7461	218356	4591	0.02
RAD74833	41774	41670	1.00
RAD75046	96873	64560	0.67
RAD75069	4717	4453	0.94
RAD75106	6369	6057	0.95
RAD75198	88262	73757	0.84
RAD7522	33235	33159	1.00
RAD75440	14369	14166	0.99
RAD75627	24973	20323	0.81
RAD7572	23791	23469	0.99
RAD75782	32323	31714	0.98
RAD75885	17879	15858	0.89
RAD76033	150800	46475	0.31
RAD76197	239965	18226	0.08
RAD7671	7354	7107	0.97
RAD76740	113846	48964	0.43
RAD76782	47378	46614	0.98
RAD77124	32302	32243	1.00
RAD7732	18854	18648	0.99
RAD77404	30154	29242	0.97
RAD77570	16225	15460	0.95
RAD77797	65788	37306	0.57
RAD77831	26201	15672	0.60
RAD78072	37141	23503	0.63
RAD78111	18289	18012	0.98
RAD7831	25820	25169	0.97
RAD7874	20024	18917	0.94
RAD79634	31818	24339	0.76
RAD7988	41271	41103	1.00
RAD80169	167092	31298	0.19
RAD80510	4249	4209	0.99
RAD80925	22330	22292	1.00
RAD81015	46592	45392	0.97
RAD81543	12132	11125	0.92
RAD81845	13861	13585	0.98
RAD81927	427273	25357	0.06
RAD82021	33310	33085	0.99
RAD82047	17201	15240	0.89
RAD82863	33760	32708	0.97
RAD82867	30508	29990	0.98
RAD82889	17227	17213	1.00
RAD83004	15456	14658	0.95
RAD83349	20393	18624	0.91
RAD83695	63522	29459	0.46
RAD84387	33990	33469	0.98
RAD84598	14392	14146	0.98
RAD84634	34708	27299	0.79
RAD85374	73535	67063	0.91
RAD85433	15395	14355	0.93
RAD86211	53451	13030	0.24
RAD8662	5080	4976	0.98
RAD86733	62541	61831	0.99
RAD86743	25716	20686	0.80
RAD8737	23192	22777	0.98
RAD8738	33183	31927	0.96
RAD87510	11686	11531	0.99
RAD87950	18255	16083	0.88
RAD8834	20078	19688	0.98
RAD88603	9418	8308	0.88
RAD88803	43571	42684	0.98
RAD88897	48051	9266	0.19
RAD88981	11711	10462	0.89
RAD89132	34475	33970	0.99
RAD8915	14411	14405	1.00
RAD89255	47430	46248	0.98
RAD89487	17363	15549	0.90
RAD89533	19447	19148	0.98
RAD90359	27276	26762	0.98
RAD91305	49512	32786	0.66
RAD91949	193327	16444	0.09
RAD92366	36698	35974	0.98
RAD9243	235962	68667	0.29
RAD92580	31306	30475	0.97
RAD92666	26523	25043	0.94
RAD9275	6317	6020	0.95
RAD92761	66865	65432	0.98
RAD92901	91642	17975	0.20
RAD93691	367328	24145	0.07
RAD94622	10963	8619	0.79
RAD9688	6618	5815	0.88
RAD96933	29806	23683	0.79
RAD9775	31323	29720	0.95
RAD98255	11086	11060	1.00
RAD98800	34932	33805	0.97
RAD9984	46723	44938	0.96
RAD418	52244	11308	0.22
RAD3830	6444	5587	0.87
RAD4502	19981	14299	0.72
RAD9794	19994	16124	0.81
RAD10410	31728	26301	0.83
RAD13130	3339	1594	0.48
RAD14200	16943	16478	0.97
RAD19139	124232	58891	0.47
RAD19835	27951	26894	0.96
RAD20487	160413	8769	0.05
RAD21619	1776	1732	0.98
RAD24368	126909	108125	0.85
RAD25055	56559	41068	0.73
RAD25273	4881	4625	0.95
RAD25408	17918	17245	0.96
RAD30052	33622	31248	0.93
RAD35239	12424	11776	0.95
RAD40086	64487	50453	0.78
RAD43082	12415	10314	0.83
RAD44650	3142	2197	0.70
RAD48032	14788	13511	0.91
RAD48578	37247	27456	0.74
RAD59300	33366	32450	0.97
RAD60449	68975	40652	0.59
RAD61951	16107	15820	0.98
RAD62841	8520	8419	0.99
RAD65776	35713	34587	0.97
RAD72427	14824	14430	0.97
RAD77729	70311	42860	0.61
RAD81084	11845	10970	0.93
RAD87485	5262	4940	0.94
RAD94423	502679	21044	0.04
Ots_105385-421	12280	11826	0.96
Ots_afmid-196	7973	7731	0.97
Ots_ARNT	30016	20564	0.69
Ots_crRAD55400-59	49491	35712	0.72
Ots_crRAD57687-34	96599	25373	0.26
Ots_myoD-364	289304	12630	0.04
Ots_RAD2357	18601	18154	0.98
Ots_RAD3092	40782	37707	0.92
RAD19684	1338674	45970	0.03
RAD20343	26627	25213	0.95
RAD22964	44529	44291	0.99
RAD23565	26078	24924	0.96
RAD30047	22734	21232	0.93
RAD315	42889	41303	0.96
RAD3410	19712	18924	0.96
RAD38331	22431	21733	0.97
RAD40735	22938	22731	0.99
RAD41700	54473	53778	0.99
RAD42958	41102	29468	0.72
RAD46292	59062	58368	0.99
RAD5125	30880	20462	0.66
RAD53050	32569	25920	0.80
RAD55276	30886	26156	0.85
RAD56244	78044	65498	0.84
RAD60934	11888	10845	0.91
RAD63092	142479	82235	0.58
RAD64633	9607	8506	0.89
RAD72225	40694	39990	0.98
RAD75660	102771	99709	0.97
RAD7588	34744	31800	0.92
RAD76310	26056	25645	0.98
RAD81925	19828	19524	0.98
RAD8372	11156	9026	0.81
RAD83732	150154	34502	0.23
RAD89181	65321	64221	0.98
Ots_97077-179R	15435	14935	0.97
Ots_98683-796	12168	10644	0.87
Ots_101119-381	6691	4920	0.74
Ots_101770-82	8893	8356	0.94
Ots_105401-325	25559	5563	0.22
Ots_106313-729	7765	7456	0.96
Ots_107285-93	6650	6439	0.97
Ots_107607-315	8881	8497	0.96
Ots_111681-657	5643	4578	0.81
Ots_117259-271	9985	9364	0.94
Ots_117370-471	8409	7885	0.94
Ots_122414-56	11041	9822	0.89
Ots_124774-477	4821	4370	0.91
Ots_129144-472	25632	9315	0.36
Ots_129170-683	838	493	0.59
Ots_129870-55	3930	3782	0.96
Ots_aldb-177M	21595	21039	0.97
Ots_ALDBINT1-SNP1	13538	11094	0.82
Ots_arf-188	46119	36223	0.79
Ots_arp-436	5476	3959	0.72
Ots_aspat-196	8008	6468	0.81
Ots_BMP2-SNP1	12456	10996	0.88
Ots_Cath_D141	13791	13309	0.97
Ots_CRB-211	8546	8364	0.98
Ots_crRAD292-21	7927	4876	0.62
Ots_crRAD9615-69	141651	22029	0.16
Ots_crRAD12711-37	31051	17864	0.58
Ots_crRAD13725-51	35876	14370	0.40
Ots_crRAD18289-33	53842	18845	0.35
Ots_crRAD18492-65	3554	3069	0.86
Ots_crRAD18937-60	18965	8872	0.47
Ots_crRAD20887-70	21026	18585	0.88
Ots_crRAD23631-48	24544	20906	0.85
Ots_crRAD26081-28	120171	58511	0.49
Ots_crRAD36152-44	18995	1620	0.09
Ots_crRAD38095-29	19389	16421	0.85
Ots_crRAD38746-36	100757	70735	0.70
Ots_crRAD46081-56	44552	20100	0.45
Ots_crRAD46751-42	11217	10813	0.96
Ots_crRAD55475-26	9796	1695	0.17
Ots_crRAD60614-46	45328	21786	0.48
Ots_crRAD78968-46	45588	30065	0.66
Ots_crRAD92420-25	6892	6674	0.97
Ots_DDX5-171	10888	9729	0.89
Ots_E9BAC	19064	18478	0.97
Ots_EndoRB1-486	19236	13178	0.69
Ots_GCSH	5022	4745	0.94
Ots_GnRH-271	4314	4026	0.93
Ots_GST-375	14869	13963	0.94
Ots_HGFA-446	68104	32333	0.47
Ots_HMGB1-73	7573	7052	0.93
Ots_hsc71-5'-453	5506	5271	0.96
Ots_hsp47-339	24826	23708	0.95
Ots_MetA	10520	10336	0.98
Ots_MTA-SNP1	4934	4829	0.98
Ots_NFYB-147	6972	5901	0.85
Ots_Ots311-101x	8813	8208	0.93
Ots_PGK-54	11407	10783	0.95
Ots_PSMB1-197	20471	19340	0.94
Ots_RAS1	35237	3604	0.10
Ots_RFC2-558	59906	12654	0.21
Ots_slc7a2-71	27600	11490	0.42
Ots_stk6-516	17081	16039	0.94
Ots_trnau1ap-86	9753	5263	0.54
Ots_u07-19.260	6482	6311	0.97
Ots_u07-20.332	2098	2030	0.97
Ots_u07-64.221	6618	6460	0.98
Ots_u1008-108	11630	10404	0.89
Ots_USMG5-67	22501	16453	0.73
Ots_vatf-251	16411	8903	0.54
RAD9107	50461	41291	0.82
RAD13171	291642	47092	0.16
RAD15592	16233	15870	0.98
RAD16259	9764	9591	0.98
RAD17809	79999	78379	0.98
RAD17876	7214	7156	0.99
RAD18078	463038	50195	0.11
RAD24458	336062	29305	0.09
RAD25145	17226	15978	0.93
RAD26657	34770	31656	0.91
RAD32921	37271	27257	0.73
RAD35004	59340	57932	0.98
RAD37927	26664	26083	0.98
RAD39283	302042	176393	0.58
RAD43868	38720	35875	0.93
RAD48649	186618	14992	0.08
RAD48929	259263	229404	0.88
RAD63917	89194	76796	0.86
RAD64934	18473	18122	0.98
RAD78574	18521	18221	0.98
RAD82247	21113	11149	0.53
RAD90133	16799	16615	0.99
RAD93170	7649	7268	0.95
RAD96924	57738	42626	0.74
RAD101818	4228	3941	0.93
RAD102245	26176	7851	0.30
RAD102756	164312	159402	0.97
Ots_104063-132	5963	5331	0.89
Ots_110381-164	21775	11574	0.53
Ots_112820-284	15680	14558	0.93
Ots_118205-61	47663	27194	0.57
Ots_AsnRS-60	10632	4841	0.46
Ots_crRAD24807-74	23204	10234	0.44
Ots_crRAD35313-66	1979	1599	0.81
Ots_crRAD61523-71	16758	15652	0.93
Ots_Myc-366	10938	10335	0.94
Ots_RAD2102	49888	48385	0.97
Ots_RAD10099	550	534	0.97
Ots_TLR3	44524	7200	0.16
Ots_U212-158	20536	16495	0.80
RAD7776	23666	21202	0.90
RAD11598	24470	13803	0.56
RAD14288	66910	52102	0.78
RAD15859	44448	24836	0.56
RAD20292	9598	1133	0.12
RAD21033	254291	42838	0.17
RAD22341	32296	25754	0.80
RAD29769	6970	6659	0.96
RAD31568	15317	14312	0.93
RAD31724	5396	2943	0.55
RAD32794	29577	27736	0.94
RAD32814	36092	35544	0.98
RAD33986	8207	8084	0.99
RAD35901	12232	11377	0.93
RAD37214	17494	16194	0.93
RAD38535	11095	10446	0.94
RAD42851	12681	10712	0.84
RAD43183	26997	21331	0.79
RAD44446	28134	23807	0.85
RAD45834	28907	28098	0.97
RAD47347	24655	14693	0.60
RAD49223	14350	12344	0.86
RAD50084	47089	46277	0.98
RAD53098	13841	13645	0.99
RAD53904	22743	21611	0.95
RAD54536	21477	21448	1.00
RAD55526	10956	10730	0.98
RAD55647	37838	37333	0.99
RAD57056	6748	6659	0.99
RAD59572	7286	7188	0.99
RAD60008	22266	20543	0.92
RAD61803	9784	9512	0.97
RAD62578	37519	27904	0.74
RAD68831	1618	1423	0.88
RAD72298	62979	61381	0.97
RAD77453	37591	26697	0.71
RAD82529	27379	26772	0.98
RAD85228	54002	50668	0.94
RAD63065	23277	23130	0.99
RAD75435	37212	36823	0.99
RAD93789	16219	15597	0.96
Ots_102420-494	42729	26295	0.62
Ots_105407-117	11276	10176	0.90
Ots_110495-380	9949	5548	0.56
Ots_crRAD48459-74	78564	3086	0.04
Ots_RAD1282	19183	11844	0.62
Ots_RAD5189	42908	39696	0.93
Ots_RAD7695	22707	19772	0.87
RAD2746	86688	20504	0.24
RAD6467	165410	21595	0.13
RAD10481	56102	21765	0.39
RAD12524	204520	3190	0.02
RAD15287	40700	26656	0.65
RAD15566	62965	61105	0.97
RAD15825	196632	47993	0.24
RAD16625	45429	21131	0.47
RAD20587	13285	10918	0.82
RAD23721	358298	8630	0.02
RAD33132	80314	9691	0.12
RAD40477	367074	13907	0.04
RAD40588	79038	23199	0.29
RAD40904	15213	14206	0.93
RAD44130	71066	55316	0.78
RAD51019	31800	18655	0.59
RAD57008	103566	6871	0.07
RAD57320	49725	39895	0.80
RAD58773	58169	34877	0.60
RAD58801	36126	29608	0.82
RAD60132	39973	32226	0.81
RAD61526	45666	33329	0.73
RAD62762	404119	10876	0.03
RAD64291	28855	24716	0.86
RAD65981	120145	27238	0.23
RAD66306	24716	12198	0.49
RAD66391	27064	19246	0.71
RAD69778	143385	6812	0.05
RAD80030	144387	36956	0.26
RAD82344	16586	16023	0.97
RAD84318	38663	31881	0.82
RAD85151	224701	11640	0.05
RAD87346	52421	39647	0.76
RAD87830	69413	14179	0.20
RAD90624	77695	24196	0.31
RAD110572	144849	140273	0.97
